1 0.698078 0.881698 0.178969 0.174590
1 0.089141 0.738841 0.170500 0.307939
1 0.047836 0.697564 0.062484 0.161920
1 0.120906 0.804707 0.066719 0.131756
1 0.242695 0.714239 0.183203 0.185714
1 0.209867 0.699157 0.062484 0.082529
1 0.281352 0.732494 0.069891 0.095246
1 0.331117 0.843595 0.129203 0.060304
1 0.481508 0.898361 0.205453 0.147635
1 0.482562 0.896780 0.122844 0.077775
1 0.665250 0.854707 0.049781 0.082529
1 0.737789 0.909461 0.067766 0.100000
1 0.889766 0.836452 0.191687 0.207939
1 0.730906 0.707881 0.166281 0.096838
1 0.580523 0.749953 0.183203 0.126979
1 0.952555 0.678513 0.094891 0.133326
1 0.937734 0.438044 0.124531 0.252389
