0 0.478000 0.175427 0.635719 0.306354
0 0.486937 0.503208 0.675000 0.371417
0 0.575031 0.823052 0.596438 0.334937
0 0.341695 0.423052 0.127391 0.160312
0 0.497055 0.422260 0.166672 0.203187
0 0.630984 0.458771 0.115469 0.187292
0 0.532172 0.598448 0.146437 0.212688
0 0.395266 0.584958 0.134531 0.138083
0 0.282172 0.545281 0.108344 0.122229
0 0.331578 0.208771 0.138094 0.195250
0 0.473844 0.219083 0.148813 0.161917
0 0.582172 0.219083 0.122625 0.165083
0 0.507766 0.784156 0.152375 0.190479
0 0.673836 0.812740 0.158328 0.171437
